Apple 28.16 331.30710000000005 851.84 684.36021
Apple 318.08 157.33902 333.44 169.49092000000002
Apple 336.0 169.49092000000002 352.0 179.72482
Apple 350.72 150.94317500000002 364.8 165.65355000000002
Apple 561.92 172.04939500000003 679.68 211.704045
Apple 749.44 168.851815 757.12 175.24766
Apple 762.24 192.51651 769.92 201.47083
Apple 774.4 661.3353050000001 807.68 684.36021
Apple 783.36 175.24766 793.6 180.363925
Apple 792.32 243.68327 807.04 251.35869499999998
Apple 796.16 187.39956000000004 805.76 192.51651
Apple 824.96 195.074985 835.84 201.47083
Apple 824.96 257.75454 837.12 264.79017500000003
Apple 830.72 200.19125 838.4 206.587095
Apple 840.96 198.912355 849.92 204.02862000000002
Apple 860.8 205.3082 949.76 231.53137
Apple 898.56 244.96284999999997 909.44 253.91717
Apple 918.4 296.12961 927.36 303.805035
Apple 942.08 303.805035 956.16 310.20088
